Dodecahedron
1 #Type of Polyhedron
20 #Number of Vertices
12 #Number of Faces
Vertices
0.6070619982066862 0.0 -0.7946544722917661
0.1875924740850799 0.5773502691896257 -0.7946544722917661
-0.4911234731884229 0.35682208977309 -0.7946544722917661
-0.49112347318842303 -0.3568220897730899 -0.7946544722917661
0.18759247408507979 -0.5773502691896257 -0.7946544722917661
0.9822469463768461 0.0 -0.1875924740850799
0.3035309991033432 0.9341723589627157 -0.1875924740850799
-0.794654472291766 0.5773502691896258 -0.1875924740850799
-0.7946544722917662 -0.5773502691896257 -0.18759247408507992
0.30353099910334297 -0.9341723589627158 -0.18759247408507992
-0.9822469463768461 -0.0 0.1875924740850799
-0.3035309991033432 -0.9341723589627157 0.1875924740850799
0.794654472291766 -0.5773502691896258 0.1875924740850799
0.7946544722917662 0.5773502691896257 0.18759247408507992
-0.30353099910334297 0.9341723589627158 0.18759247408507992
-0.6070619982066862 -0.0 0.7946544722917661
-0.1875924740850799 -0.5773502691896257 0.7946544722917661
0.4911234731884229 -0.35682208977309 0.7946544722917661
0.49112347318842303 0.3568220897730899 0.7946544722917661
-0.18759247408507979 0.5773502691896257 0.7946544722917661
Faces
0 4 3 2 1 0
0 5 12 9 4 1
1 6 13 5 0 2
2 7 14 6 1 3
3 8 10 7 2 4
4 9 11 8 3 5
5 13 18 17 12 6
6 14 19 18 13 7
7 10 15 19 14 8
8 11 16 15 10 9
9 12 17 16 11 0
15 16 17 18 19 1
