Great Rhombicosidodecahedron
1 #Type of Polyhedron
120 #Number of Vertices
62 #Number of Faces
Vertices
0.519 0.28 -0.56
0.214 -0.733 0.28
0.28 -0.214 -0.733
0.107 0.107 0.799
0.28 0.214 0.733
0.453 0.107 -0.667
0.733 -0.28 0.214
0.28 -0.214 0.733
-0.28 -0.56 0.519
0.107 -0.107 0.799
-0.56 -0.519 0.28
-0.28 0.56 -0.519
0.214 0.733 -0.28
0.519 -0.28 0.56
-0.667 0.453 -0.107
0.799 -0.107 0.107
-0.107 -0.667 0.453
-0.107 0.107 0.799
0.107 0.799 0.107
-0.453 0.107 -0.667
-0.28 -0.56 -0.519
0.214 -0.733 -0.28
0.346 0.387 0.626
0.56 -0.519 -0.28
-0.107 -0.107 0.799
0.28 -0.56 0.519
-0.107 -0.799 0.107
0.28 0.56 0.519
-0.799 -0.107 0.107
0.626 -0.346 -0.387
-0.667 -0.453 -0.107
0.519 0.28 0.56
0.56 -0.519 0.28
-0.346 0.387 0.626
-0.346 0.387 -0.626
-0.453 -0.107 -0.667
-0.56 0.519 0.28
-0.107 0.799 -0.107
-0.519 0.28 0.56
-0.519 -0.28 -0.56
-0.453 0.107 0.667
-0.387 0.626 0.346
-0.346 -0.387 0.626
-0.107 0.667 0.453
-0.733 0.28 -0.214
-0.519 -0.28 0.56
-0.107 -0.799 -0.107
0.387 -0.626 -0.346
0.733 0.28 -0.214
-0.214 0.733 -0.28
-0.107 0.107 -0.799
0.733 0.28 0.214
0.667 0.453 0.107
0.107 -0.799 -0.107
0.667 -0.453 0.107
0.107 0.799 -0.107
-0.346 -0.387 -0.626
0.733 -0.28 -0.214
-0.28 -0.214 0.733
-0.667 0.453 0.107
0.346 -0.387 0.626
-0.733 0.28 0.214
0.214 0.733 0.28
0.453 -0.107 -0.667
0.107 -0.667 0.453
-0.626 -0.346 0.387
-0.667 -0.453 0.107
0.107 -0.107 -0.799
-0.626 0.346 0.387
0.56 0.519 0.28
-0.214 0.733 0.28
-0.733 -0.28 0.214
-0.107 0.667 -0.453
0.626 0.346 -0.387
0.667 0.453 -0.107
-0.733 -0.28 -0.214
0.626 -0.346 0.387
0.346 0.387 -0.626
-0.214 -0.733 0.28
-0.519 0.28 -0.56
-0.626 0.346 -0.387
0.56 0.519 -0.28
-0.387 0.626 -0.346
0.107 -0.799 0.107
0.453 -0.107 0.667
-0.28 0.56 0.519
0.799 -0.107 -0.107
-0.626 -0.346 -0.387
0.667 -0.453 -0.107
0.387 0.626 -0.346
-0.799 0.107 -0.107
-0.56 0.519 -0.28
-0.107 -0.667 -0.453
0.107 -0.667 -0.453
0.28 0.214 -0.733
-0.799 -0.107 -0.107
0.387 0.626 0.346
0.387 -0.626 0.346
0.799 0.107 0.107
0.107 0.667 -0.453
-0.28 0.214 0.733
-0.28 0.214 -0.733
-0.214 -0.733 -0.28
0.28 0.56 -0.519
0.107 0.107 -0.799
0.626 0.346 0.387
-0.56 -0.519 -0.28
0.799 0.107 -0.107
-0.28 -0.214 -0.733
0.346 -0.387 -0.626
-0.387 -0.626 -0.346
0.453 0.107 0.667
0.28 -0.56 -0.519
0.107 0.667 0.453
-0.799 0.107 0.107
-0.107 -0.107 -0.799
-0.107 0.799 0.107
-0.387 -0.626 0.346
0.519 -0.28 -0.56
-0.453 -0.107 0.667
Faces
47 23 88 54 32 97 1 83 53 21 0
18 62 96 69 52 74 81 89 12 55 1
35 39 87 75 95 90 44 80 79 19 2
5 0 73 48 107 86 57 29 118 63 3
77 94 104 50 101 34 11 72 99 103 4
15 98 51 105 31 111 84 13 76 6 5
28 71 65 45 119 40 38 68 61 114 6
64 25 60 7 9 24 58 42 8 16 7
43 85 33 100 17 3 4 22 27 113 8
91 14 59 36 41 70 116 37 49 82 9
92 20 56 108 115 67 2 109 112 93 0
110 102 46 26 78 117 10 66 30 106 1
84 111 4 3 9 7 2
8 42 45 65 10 117 3
61 59 14 44 90 114 4
49 37 55 12 99 72 5
69 96 27 22 31 105 6
21 53 46 102 92 93 7
28 95 75 30 66 71 8
81 73 0 77 103 89 9
76 13 60 25 97 32 0
47 112 109 118 29 23 1
74 52 51 98 107 48 2
19 101 50 115 108 35 3
16 78 26 83 1 64 4
113 62 18 116 70 43 5
63 2 67 104 94 5 6
40 119 58 24 17 100 7
82 11 34 79 80 91 8
106 87 39 56 20 110 9
85 41 36 68 38 33 0
6 54 88 57 86 15 1
32 54 6 76 2
24 9 3 17 3
117 78 16 8 4
7 60 13 84 5
111 31 22 4 6
100 33 38 40 7
18 55 37 116 8
43 70 41 85 9
119 45 42 58 0
93 112 47 21 1
105 51 52 69 2
15 86 107 98 3
36 59 61 68 4
90 95 28 114 5
65 71 66 10 6
27 96 62 113 7
48 73 81 74 8
14 91 80 44 9
75 87 106 30 0
0 5 94 77 1
34 101 19 79 2
25 64 1 97 3
12 89 103 99 4
39 35 108 56 5
67 115 50 104 6
109 2 63 118 7
72 11 82 49 8
26 46 53 83 9
102 110 20 92 0
88 23 29 57 1
