Great Icosahedron

1 #Type of Polyhedron
92 #Number of Vertices
240 #Number of Faces

Vertices

0.6070619982066862 0.0 -0.7946544722917661
0.1875924740850799 0.5773502691896257 -0.7946544722917661
-0.4911234731884229 0.35682208977309 -0.7946544722917661
-0.49112347318842303 -0.3568220897730899 -0.7946544722917661
0.18759247408507979 -0.5773502691896257 -0.7946544722917661
0.9822469463768461 0.0 -0.1875924740850799
0.3035309991033432 0.9341723589627157 -0.1875924740850799
-0.794654472291766 0.5773502691896258 -0.1875924740850799
-0.7946544722917662 -0.5773502691896257 -0.18759247408507992
0.30353099910334297 -0.9341723589627158 -0.18759247408507992
-0.9822469463768461 -0.0 0.1875924740850799
-0.3035309991033432 -0.9341723589627157 0.1875924740850799
0.794654472291766 -0.5773502691896258 0.1875924740850799
0.7946544722917662 0.5773502691896257 0.18759247408507992
-0.30353099910334297 0.9341723589627158 0.18759247408507992
-0.6070619982066862 -0.0 0.7946544722917661
-0.1875924740850799 -0.5773502691896257 0.7946544722917661
0.4911234731884229 -0.35682208977309 0.7946544722917661
0.49112347318842303 0.3568220897730899 0.7946544722917661
-0.18759247408507979 0.5773502691896257 0.7946544722917661
-7.447042982278162E-17 9.92939064303755E-17 -1.7767679345971599
0.21963041720986273 -0.1595708385465258 -0.626827834236432
-0.08389135441084777 -0.2581910403816006 -0.626827834236432
-0.27147812559803014 5.488967147471158E-17 -0.626827834236432
-0.08389135441084773 0.25819104038160073 -0.626827834236432
0.21963041720986276 0.15957083854652587 -0.626827834236432
1.2856813554986948 -0.9341021822333809 -0.79459477640023
0.5749855905206633 -0.09860980741048642 -0.3553606379831994
0.6268332989088307 -0.2581806459570123 -0.08388251238516925
0.4392465277216483 -0.516371686338613 -0.08388251238516925
0.2714638188999528 -0.516371686338613 -0.3553606379831994
0.3553551733108006 -0.2581806459570123 -0.5231433468048948
1.285681355498695 0.9341021822333809 -0.79459477640023
0.2714638188999529 0.516371686338613 -0.3553606379831994
0.4392465277216484 0.516371686338613 -0.08388251238516925
0.6268332989088308 0.2581806459570123 -0.08388251238516925
0.5749855905206633 0.09860980741048647 -0.3553606379831994
0.3553551733108006 0.2581806459570123 -0.5231433468048948
-0.4910865790984648 1.5114090798190585 -0.79459477640023
-0.4072117237246464 0.41774506039584897 -0.3553606379831994
-0.35536401533647904 0.5773158989423748 -0.08388251238516925
-0.051842243715768566 0.6759361007774496 -0.08388251238516925
0.08389681908324648 0.5773158989423748 -0.3553606379831994
-0.13573359812661634 0.4177450603958489 -0.5231433468048948
-1.58918955280046 1.2411738303796938E-16 -0.79459477640023
-0.5231345047792164 -0.2581910403816006 -0.3553606379831994
-0.6588735675782315 -0.1595708385465258 -0.08388251238516925
-0.6588735675782315 0.15957083854652587 -0.08388251238516925
-0.5231345047792163 0.25819104038160073 -0.3553606379831994
-0.43924315036836864 6.861208934338947E-17 -0.5231433468048948
-0.4910865790984652 -1.5114090798190585 -0.79459477640023
0.08389681908324637 -0.5773158989423748 -0.3553606379831994
-0.05184224371576876 -0.6759361007774496 -0.08388251238516925
-0.3553640153364792 -0.5773158989423748 -0.08388251238516925
-0.40721172372464653 -0.4177450603958489 -0.3553606379831994
-0.13573359812661645 -0.41774506039584897 -0.5231433468048948
1.58918955280046 -1.4894085964556325E-16 0.79459477640023
0.6588735675782315 0.15957083854652576 0.08388251238516925
0.5231345047792164 0.2581910403816006 0.3553606379831994
0.43924315036836864 -8.233450721206736E-17 0.5231433468048948
0.5231345047792163 -0.25819104038160073 0.3553606379831994
0.6588735675782315 -0.1595708385465259 0.08388251238516925
0.4910865790984651 1.5114090798190585 0.79459477640023
0.051842243715768704 0.6759361007774496 0.08388251238516925
-0.08389681908324642 0.5773158989423748 0.3553606379831994
0.1357335981266164 0.41774506039584897 0.5231433468048948
0.4072117237246465 0.4177450603958489 0.3553606379831994
0.3553640153364792 0.5773158989423748 0.08388251238516925
-1.2856813554986948 0.9341021822333809 0.79459477640023
-0.6268332989088307 0.2581806459570123 0.08388251238516925
-0.5749855905206633 0.09860980741048642 0.3553606379831994
-0.3553551733108006 0.2581806459570123 0.5231433468048948
-0.2714638188999528 0.516371686338613 0.3553606379831994
-0.4392465277216483 0.516371686338613 0.08388251238516925
-1.285681355498695 -0.9341021822333809 0.79459477640023
-0.4392465277216484 -0.516371686338613 0.08388251238516925
-0.2714638188999529 -0.516371686338613 0.3553606379831994
-0.3553551733108006 -0.2581806459570123 0.5231433468048948
-0.5749855905206633 -0.09860980741048647 0.3553606379831994
-0.6268332989088308 -0.2581806459570123 0.08388251238516925
0.4910865790984647 -1.5114090798190585 0.79459477640023
0.355364015336479 -0.5773158989423748 0.08388251238516925
0.40721172372464637 -0.41774506039584897 0.3553606379831994
0.13573359812661628 -0.4177450603958489 0.5231433468048948
-0.08389681908324653 -0.5773158989423748 0.3553606379831994
0.05184224371576851 -0.6759361007774496 0.08388251238516925
2.4823476607593876E-17 -9.92939064303755E-17 1.7767679345971599
-0.2196304172098628 -0.15957083854652587 0.626827834236432
0.0838913544108477 -0.25819104038160073 0.626827834236432
0.2714781255980301 -5.488967147471158E-17 0.626827834236432
0.08389135441084775 0.2581910403816006 0.626827834236432
-0.21963041720986276 0.1595708385465258 0.626827834236432

Faces
20 0 21 0
20 21 4 1
0 4 21 2
20 4 22 3
20 22 3 4
4 3 22 5
20 3 23 6
20 23 2 7
3 2 23 8
20 2 24 9
20 24 1 0
2 1 24 1
20 1 25 2
20 25 0 3
1 0 25 4
0 4 25 5
4 3 25 6
3 2 25 7
2 1 25 8
1 0 25 9
26 0 27 0
26 27 5 1
0 5 27 2
26 5 28 3
26 28 12 4
5 12 28 5
26 12 29 6
26 29 9 7
12 9 29 8
26 9 30 9
26 30 4 0
9 4 30 1
26 4 31 2
26 31 0 3
4 0 31 4
0 5 31 5
5 12 31 6
12 9 31 7
9 4 31 8
4 0 31 9
32 1 33 0
32 33 6 1
1 6 33 2
32 6 34 3
32 34 13 4
6 13 34 5
32 13 35 6
32 35 5 7
13 5 35 8
32 5 36 9
32 36 0 0
5 0 36 1
32 0 37 2
32 37 1 3
0 1 37 4
1 6 37 5
6 13 37 6
13 5 37 7
5 0 37 8
0 1 37 9
38 2 39 0
38 39 7 1
2 7 39 2
38 7 40 3
38 40 14 4
7 14 40 5
38 14 41 6
38 41 6 7
14 6 41 8
38 6 42 9
38 42 1 0
6 1 42 1
38 1 43 2
38 43 2 3
1 2 43 4
2 7 43 5
7 14 43 6
14 6 43 7
6 1 43 8
1 2 43 9
44 3 45 0
44 45 8 1
3 8 45 2
44 8 46 3
44 46 10 4
8 10 46 5
44 10 47 6
44 47 7 7
10 7 47 8
44 7 48 9
44 48 2 0
7 2 48 1
44 2 49 2
44 49 3 3
2 3 49 4
3 8 49 5
8 10 49 6
10 7 49 7
7 2 49 8
2 3 49 9
50 4 51 0
50 51 9 1
4 9 51 2
50 9 52 3
50 52 11 4
9 11 52 5
50 11 53 6
50 53 8 7
11 8 53 8
50 8 54 9
50 54 3 0
8 3 54 1
50 3 55 2
50 55 4 3
3 4 55 4
4 9 55 5
9 11 55 6
11 8 55 7
8 3 55 8
3 4 55 9
56 5 57 0
56 57 13 1
5 13 57 2
56 13 58 3
56 58 18 4
13 18 58 5
56 18 59 6
56 59 17 7
18 17 59 8
56 17 60 9
56 60 12 0
17 12 60 1
56 12 61 2
56 61 5 3
12 5 61 4
5 13 61 5
13 18 61 6
18 17 61 7
17 12 61 8
12 5 61 9
62 6 63 0
62 63 14 1
6 14 63 2
62 14 64 3
62 64 19 4
14 19 64 5
62 19 65 6
62 65 18 7
19 18 65 8
62 18 66 9
62 66 13 0
18 13 66 1
62 13 67 2
62 67 6 3
13 6 67 4
6 14 67 5
14 19 67 6
19 18 67 7
18 13 67 8
13 6 67 9
68 7 69 0
68 69 10 1
7 10 69 2
68 10 70 3
68 70 15 4
10 15 70 5
68 15 71 6
68 71 19 7
15 19 71 8
68 19 72 9
68 72 14 0
19 14 72 1
68 14 73 2
68 73 7 3
14 7 73 4
7 10 73 5
10 15 73 6
15 19 73 7
19 14 73 8
14 7 73 9
74 8 75 0
74 75 11 1
8 11 75 2
74 11 76 3
74 76 16 4
11 16 76 5
74 16 77 6
74 77 15 7
16 15 77 8
74 15 78 9
74 78 10 0
15 10 78 1
74 10 79 2
74 79 8 3
10 8 79 4
8 11 79 5
11 16 79 6
16 15 79 7
15 10 79 8
10 8 79 9
80 9 81 0
80 81 12 1
9 12 81 2
80 12 82 3
80 82 17 4
12 17 82 5
80 17 83 6
80 83 16 7
17 16 83 8
80 16 84 9
80 84 11 0
16 11 84 1
80 11 85 2
80 85 9 3
11 9 85 4
9 12 85 5
12 17 85 6
17 16 85 7
16 11 85 8
11 9 85 9
86 15 87 0
86 87 16 1
15 16 87 2
86 16 88 3
86 88 17 4
16 17 88 5
86 17 89 6
86 89 18 7
17 18 89 8
86 18 90 9
86 90 19 0
18 19 90 1
86 19 91 2
86 91 15 3
19 15 91 4
15 16 91 5
16 17 91 6
17 18 91 7
18 19 91 8
19 15 91 9
