Great Rhombicuboctahedron
1 #Type of Polyhedron
48 #Number of Vertices
26 #Number of Faces
Vertices
0.175 -0.774 -0.175
-0.175 0.774 -0.175
-0.671 0.175 0.423
0.175 0.175 0.774
0.175 0.774 -0.175
0.423 0.351 -0.599
0.423 -0.599 0.351
0.423 -0.351 0.599
-0.423 -0.599 0.351
0.175 0.774 0.175
0.175 -0.774 0.175
0.423 0.599 -0.351
-0.423 -0.351 0.599
0.671 -0.423 -0.175
-0.175 -0.774 -0.175
0.671 0.175 0.423
-0.423 0.351 -0.599
-0.175 0.175 0.774
-0.423 0.351 0.599
0.423 0.351 0.599
-0.423 -0.599 -0.351
-0.671 0.423 -0.175
0.175 0.175 -0.774
0.671 -0.423 0.175
-0.175 -0.175 0.774
-0.423 -0.351 -0.599
-0.671 -0.175 0.423
-0.423 0.599 -0.351
0.671 0.175 -0.423
-0.175 0.175 -0.774
0.175 -0.175 0.774
0.671 0.423 0.175
0.671 0.423 -0.175
-0.175 -0.175 -0.774
-0.671 -0.423 -0.175
0.423 0.599 0.351
0.671 -0.175 -0.423
-0.671 -0.175 -0.423
-0.671 0.423 0.175
-0.175 -0.774 0.175
0.671 -0.175 0.423
0.423 -0.351 -0.599
-0.175 0.774 0.175
0.175 -0.175 -0.774
-0.423 0.599 0.351
-0.671 -0.423 0.175
0.423 -0.599 -0.351
-0.671 0.175 -0.423
Faces
28 32 31 15 40 23 13 36 0
40 15 19 3 30 7 1
37 34 45 26 2 38 21 47 2
24 30 3 17 3
44 18 17 3 19 35 9 42 4
6 10 0 46 13 23 5
42 1 27 21 38 44 6
37 25 20 34 7
10 39 14 0 8
47 16 29 33 25 37 9
36 41 43 22 5 28 0
9 35 31 32 11 4 1
15 31 35 19 2
2 26 12 24 17 18 3
39 8 45 34 20 14 4
18 44 38 2 5
14 20 25 33 43 41 46 0 6
4 1 42 9 7
45 8 12 26 8
40 7 6 23 9
43 33 29 22 0
32 28 5 11 1
39 10 6 7 30 24 12 8 2
29 16 27 1 4 11 5 22 3
27 16 47 21 4
41 36 13 46 5
