Great Dodecahedron
1 #Type of Polyhedron
32 #Number of Vertices
60 #Number of Faces
Vertices
-4.1913425142752836E-17 5.588456685700379E-17 -1.0
0.723606797749979 -0.5257311121191337 -0.44721359549995804
0.7236067977499789 0.5257311121191336 -0.44721359549995787
-0.276393202250021 0.8506508083520401 -0.44721359549995804
-0.8944271909999159 6.985570857125473E-17 -0.4472135954999579
-0.2763932022500212 -0.85065080835204 -0.4472135954999579
0.8944271909999159 -8.382685028550567E-17 0.4472135954999579
0.2763932022500211 0.85065080835204 0.4472135954999579
-0.723606797749979 0.5257311121191337 0.44721359549995804
-0.7236067977499789 -0.5257311121191336 0.44721359549995787
0.2763932022500209 -0.8506508083520401 0.44721359549995804
1.3971141714250947E-17 -5.588456685700379E-17 1.0
0.3143347929425908 -1.1975916173517175E-17 -0.4114695858851817
0.09713479294259085 0.29895015312633894 -0.4114695858851817
-0.25430218941388627 0.18476135557406315 -0.4114695858851817
-0.2543021894138863 -0.184761355574063 -0.4114695858851817
0.09713479294259085 -0.2989501531263389 -0.4114695858851817
0.5086043788277725 -4.2321235976870226E-17 -0.09713479294259088
0.15716739647129543 0.483711508700402 -0.09713479294259088
-0.4114695858851817 0.29895015312633894 -0.09713479294259086
-0.4114695858851817 -0.2989501531263388 -0.09713479294259086
0.15716739647129538 -0.483711508700402 -0.09713479294259086
-0.5086043788277725 3.928670399653492E-17 0.09713479294259088
-0.15716739647129546 -0.483711508700402 0.09713479294259088
0.4114695858851817 -0.29895015312633894 0.09713479294259086
0.4114695858851817 0.2989501531263388 0.09713479294259086
-0.1571673964712954 0.483711508700402 0.09713479294259086
-0.3143347929425908 1.1975916173517175E-17 0.4114695858851817
-0.09713479294259088 -0.29895015312633894 0.4114695858851817
0.25430218941388627 -0.18476135557406315 0.4114695858851817
0.2543021894138863 0.184761355574063 0.4114695858851817
-0.09713479294259086 0.29895015312633894 0.4114695858851817
Faces
2 1 12 0
1 0 12 1
0 2 12 2
3 2 13 3
2 0 13 4
0 3 13 5
4 3 14 6
3 0 14 7
0 4 14 8
5 4 15 9
4 0 15 0
0 5 15 1
0 1 16 2
1 5 16 3
5 0 16 4
1 2 17 5
2 6 17 6
6 1 17 7
2 3 18 8
3 7 18 9
7 2 18 0
3 4 19 1
4 8 19 2
8 3 19 3
4 5 20 4
5 9 20 5
9 4 20 6
10 5 21 7
5 1 21 8
1 10 21 9
9 8 22 0
8 4 22 1
4 9 22 2
10 9 23 3
9 5 23 4
5 10 23 5
1 6 24 6
6 10 24 7
10 1 24 8
7 6 25 9
6 2 25 0
2 7 25 1
8 7 26 2
7 3 26 3
3 8 26 4
8 9 27 5
9 11 27 6
11 8 27 7
9 10 28 8
10 11 28 9
11 9 28 0
11 10 29 1
10 6 29 2
6 11 29 3
6 7 30 4
7 11 30 5
11 6 30 6
7 8 31 7
8 11 31 8
11 7 31 9
