Icosahedron
1 #Type of Polyhedron
12 #Number of Vertices
20 #Number of Faces
Vertices
-4.1913425142752836E-17 5.588456685700379E-17 -1.0
0.723606797749979 -0.5257311121191337 -0.44721359549995804
0.7236067977499789 0.5257311121191336 -0.44721359549995787
-0.276393202250021 0.8506508083520401 -0.44721359549995804
-0.8944271909999159 6.985570857125473E-17 -0.4472135954999579
-0.2763932022500212 -0.85065080835204 -0.4472135954999579
0.8944271909999159 -8.382685028550567E-17 0.4472135954999579
0.2763932022500211 0.85065080835204 0.4472135954999579
-0.723606797749979 0.5257311121191337 0.44721359549995804
-0.7236067977499789 -0.5257311121191336 0.44721359549995787
0.2763932022500209 -0.8506508083520401 0.44721359549995804
1.3971141714250947E-17 -5.588456685700379E-17 1.0
Faces
2 1 0 0
3 2 0 1
4 3 0 2
5 4 0 3
0 1 5 4
1 2 6 5
2 3 7 6
3 4 8 7
4 5 9 8
10 5 1 9
9 8 4 0
10 9 5 1
1 6 10 2
7 6 2 3
8 7 3 4
8 9 11 5
9 10 11 6
11 10 6 7
6 7 11 8
7 8 11 9
