Icosidodecahedron
1 #Type of Polyhedron
30 #Number of Vertices
32 #Number of Faces
Vertices
0.39732723614588306 0.28867513459481287 -0.7946544722917661
0.7946544722917661 0.0 -0.491123473188423
0.39732723614588294 -0.28867513459481287 -0.7946544722917661
-0.1517654995516715 0.4670861794813579 -0.7946544722917661
0.24556173659421154 0.7557613140761708 -0.491123473188423
-0.491123473188423 5.551115123125783E-17 -0.7946544722917661
-0.6428889727400945 0.4670861794813579 -0.491123473188423
-0.15176549955167162 -0.4670861794813578 -0.7946544722917661
-0.6428889727400946 -0.4670861794813578 -0.49112347318842303
0.24556173659421138 -0.7557613140761708 -0.49112347318842303
0.888450709334306 -0.2886751345948129 0.0
0.8884507093343061 0.28867513459481287 1.3877787807814457E-17
0.5490927356975547 0.7557613140761708 1.3877787807814457E-17
1.1102230246251565E-16 0.9341723589627158 1.3877787807814457E-17
-0.5490927356975545 0.7557613140761708 1.3877787807814457E-17
-0.888450709334306 0.2886751345948129 0.0
-0.8884507093343061 -0.28867513459481287 -1.3877787807814457E-17
-0.5490927356975547 -0.7557613140761708 -1.3877787807814457E-17
0.5490927356975545 -0.7557613140761708 -1.3877787807814457E-17
-1.1102230246251565E-16 -0.9341723589627158 -1.3877787807814457E-17
-0.7946544722917661 -0.0 0.491123473188423
-0.24556173659421154 -0.7557613140761708 0.491123473188423
0.6428889727400945 -0.4670861794813579 0.491123473188423
0.6428889727400946 0.4670861794813578 0.49112347318842303
-0.24556173659421138 0.7557613140761708 0.49112347318842303
-0.39732723614588294 0.28867513459481287 0.7946544722917661
-0.39732723614588306 -0.28867513459481287 0.7946544722917661
0.1517654995516715 -0.4670861794813579 0.7946544722917661
0.491123473188423 -5.551115123125783E-17 0.7946544722917661
0.15176549955167162 0.4670861794813578 0.7946544722917661
Faces
0 2 7 5 3 0
2 1 10 18 9 1
0 4 12 11 1 2
3 6 14 13 4 3
5 8 16 15 6 4
7 9 19 17 8 5
10 11 23 28 22 6
12 13 24 29 23 7
14 15 20 25 24 8
16 17 21 26 20 9
19 18 22 27 21 0
25 26 27 28 29 1
0 1 2 2
3 4 0 3
5 6 3 4
7 8 5 5
7 2 9 6
10 1 11 7
12 4 13 8
14 6 15 9
16 8 17 0
18 19 9 1
16 20 15 2
19 21 17 3
18 10 22 4
12 23 11 5
14 24 13 6
25 20 26 7
26 21 27 8
28 27 22 9
28 23 29 0
29 24 25 1
