Rhombicuboctahedron
1 #Type of Polyhedron
24 #Number of Vertices
26 #Number of Faces
Vertices
1 -0.4142 -0.4142
1 0.4142 -0.4142
1 0.4142 0.4142
1 -0.4142 0.4142
0.4142 1 -0.4142
-0.4142 1 -0.4142
-0.4142 1 0.4142
0.4142 1 0.4142
-1 0.4142 -0.4142
-1 -0.4142 -0.4142
-1 -0.4142 0.4142
-1 0.4142 0.4142
-0.4142 -1 -0.4142
0.4142 -1 -0.4142
0.4142 -1 0.4142
-0.4142 -1 0.4142
0.4142 -0.4142 1
0.4142 0.4142 1
-0.4142 0.4142 1
-0.4142 -0.4142 1
-0.4142 -0.4142 -1
-0.4142 0.4142 -1
0.4142 0.4142 -1
0.4142 -0.4142 -1
Faces
0 1 2 3 0
4 5 6 7 1
8 9 10 11 2
12 13 14 15 3
16 17 18 19 4
20 21 22 23 5
1 4 7 2 6
5 8 11 6 7
9 12 15 10 8
13 0 3 14 9
6 18 17 7 0
19 15 14 16 1
12 20 23 13 2
21 5 4 22 3
2 17 16 3 4
18 11 10 19 5
8 21 20 9 6
22 1 0 23 7
2 7 17 8
6 11 18 9
10 15 19 0
3 16 14 1
4 1 22 2
5 21 8 3
20 12 9 4
0 13 23 5
