Small Stellated Dodecahedron
1 #Type of Polyhedron
32 #Number of Vertices
60 #Number of Faces
Vertices
0.6070619982066862 0.0 -0.7946544722917661
0.1875924740850799 0.5773502691896257 -0.7946544722917661
-0.4911234731884229 0.35682208977309 -0.7946544722917661
-0.49112347318842303 -0.3568220897730899 -0.7946544722917661
0.18759247408507979 -0.5773502691896257 -0.7946544722917661
0.9822469463768461 0.0 -0.1875924740850799
0.3035309991033432 0.9341723589627157 -0.1875924740850799
-0.794654472291766 0.5773502691896258 -0.1875924740850799
-0.7946544722917662 -0.5773502691896257 -0.18759247408507992
0.30353099910334297 -0.9341723589627158 -0.18759247408507992
-0.9822469463768461 -0.0 0.1875924740850799
-0.3035309991033432 -0.9341723589627157 0.1875924740850799
0.794654472291766 -0.5773502691896258 0.1875924740850799
0.7946544722917662 0.5773502691896257 0.18759247408507992
-0.30353099910334297 0.9341723589627158 0.18759247408507992
-0.6070619982066862 -0.0 0.7946544722917661
-0.1875924740850799 -0.5773502691896257 0.7946544722917661
0.4911234731884229 -0.35682208977309 0.7946544722917661
0.49112347318842303 0.3568220897730899 0.7946544722917661
-0.18759247408507979 0.5773502691896257 0.7946544722917661
-7.444711513926449E-17 9.9262820185686E-17 -1.7762116764665554
1.2852788433340858 -0.9338097400277531 -0.7943460102016163
1.285278843334086 0.9338097400277531 -0.7943460102016163
-0.49093283313246944 1.5109358983906074 -0.7943460102016163
-1.5886920204032327 1.2407852523210749E-16 -0.7943460102016163
-0.4909328331324698 -1.5109358983906074 -0.7943460102016163
1.5886920204032327 -1.4889423027852898E-16 0.7943460102016163
0.49093283313246977 1.5109358983906074 0.7943460102016163
-1.2852788433340858 0.9338097400277531 0.7943460102016163
-1.285278843334086 -0.9338097400277531 0.7943460102016163
0.4909328331324693 -1.5109358983906074 0.7943460102016163
2.48157050464215E-17 -9.9262820185686E-17 1.7762116764665554
Faces
0 4 20 0
4 3 20 1
3 2 20 2
2 1 20 3
1 0 20 4
0 5 21 5
5 12 21 6
12 9 21 7
9 4 21 8
4 0 21 9
1 6 22 0
6 13 22 1
13 5 22 2
5 0 22 3
0 1 22 4
2 7 23 5
7 14 23 6
14 6 23 7
6 1 23 8
1 2 23 9
3 8 24 0
8 10 24 1
10 7 24 2
7 2 24 3
2 3 24 4
4 9 25 5
9 11 25 6
11 8 25 7
8 3 25 8
3 4 25 9
5 13 26 0
13 18 26 1
18 17 26 2
17 12 26 3
12 5 26 4
6 14 27 5
14 19 27 6
19 18 27 7
18 13 27 8
13 6 27 9
7 10 28 0
10 15 28 1
15 19 28 2
19 14 28 3
14 7 28 4
8 11 29 5
11 16 29 6
16 15 29 7
15 10 29 8
10 8 29 9
9 12 30 0
12 17 30 1
17 16 30 2
16 11 30 3
11 9 30 4
15 16 31 5
16 17 31 6
17 18 31 7
18 19 31 8
19 15 31 9
