Small Rhombicosidodecahedron
1 #Type of Polyhedron
60 #Number of Vertices
62 #Number of Faces
Vertices
0.771 -0.182 0.182
0.0 -0.659 0.477
0.659 -0.477 0.0
0.182 0.182 0.771
0.182 0.771 -0.182
-0.182 -0.182 -0.771
0.589 -0.295 -0.477
0.182 -0.182 0.771
0.295 -0.477 0.589
0.589 -0.295 0.477
0.0 -0.659 -0.477
0.477 0.589 -0.295
0.295 0.477 -0.589
-0.771 0.182 0.182
0.771 0.182 -0.182
-0.477 0.589 0.295
0.477 -0.589 0.295
-0.182 0.182 0.771
0.477 0.0 -0.659
0.589 0.295 -0.477
0.477 0.589 0.295
0.182 -0.771 -0.182
0.295 0.477 0.589
-0.477 0.0 -0.659
-0.182 -0.182 0.771
0.182 -0.182 -0.771
-0.182 0.771 -0.182
0.182 -0.771 0.182
-0.477 0.0 0.659
-0.589 0.295 -0.477
0.182 0.771 0.182
0.589 0.295 0.477
-0.295 -0.477 0.589
-0.477 0.589 -0.295
-0.771 0.182 -0.182
-0.477 -0.589 0.295
-0.182 -0.771 0.182
-0.589 -0.295 -0.477
-0.589 0.295 0.477
-0.659 -0.477 0.0
0.0 0.659 -0.477
-0.295 -0.477 -0.589
-0.295 0.477 -0.589
-0.771 -0.182 0.182
0.771 0.182 0.182
-0.589 -0.295 0.477
0.0 0.659 0.477
0.182 0.182 -0.771
-0.182 -0.771 -0.182
0.771 -0.182 -0.182
-0.182 0.771 0.182
-0.477 -0.589 -0.295
0.659 0.477 0.0
0.477 0.0 0.659
-0.295 0.477 0.589
-0.182 0.182 -0.771
-0.771 -0.182 -0.182
0.477 -0.589 -0.295
0.295 -0.477 -0.589
-0.659 0.477 0.0
Faces
33 59 15 50 26 0
4 30 20 52 11 1
13 43 45 28 38 2
54 17 3 22 46 3
37 56 34 29 23 4
8 7 24 32 1 5
44 31 53 9 0 6
58 10 41 5 25 7
21 57 2 16 27 8
18 19 14 49 6 9
48 36 35 39 51 0
55 42 40 12 47 1
16 2 0 9 2
24 7 3 17 3
36 1 32 35 4
7 8 9 53 5
53 31 22 3 6
58 57 21 10 7
17 54 38 28 8
30 46 22 20 9
28 45 32 24 0
31 44 52 20 1
15 59 13 38 2
44 0 49 14 3
27 36 48 21 4
45 43 39 35 5
14 19 11 52 6
59 33 29 34 7
39 56 37 51 8
56 43 13 34 9
16 8 1 27 0
19 18 47 12 1
29 42 55 23 2
4 11 12 40 3
37 23 5 41 4
25 5 55 47 5
15 54 46 50 6
58 25 18 6 7
40 42 33 26 8
48 51 41 10 9
30 4 26 50 0
57 6 49 2 1
26 4 40 2
20 22 31 3
58 6 57 4
3 7 53 5
14 52 44 6
34 13 59 7
36 27 1 8
32 45 35 9
48 10 21 0
11 19 12 1
38 54 15 2
46 30 50 3
0 2 49 4
28 24 17 5
23 55 5 6
56 39 43 7
16 9 8 8
25 47 18 9
42 29 33 0
51 37 41 1
