Small Cubicuboctahedron
1 #Type of Polyhedron
32 #Number of Vertices
62 #Number of Faces
Vertices
1 -0.4142 -0.4142
1 0.4142 -0.4142
1 0.4142 0.4142
1 -0.4142 0.4142
0.4142 1 -0.4142
-0.4142 1 -0.4142
-0.4142 1 0.4142
0.4142 1 0.4142
-1 0.4142 -0.4142
-1 -0.4142 -0.4142
-1 -0.4142 0.4142
-1 0.4142 0.4142
-0.4142 -1 -0.4142
0.4142 -1 -0.4142
0.4142 -1 0.4142
-0.4142 -1 0.4142
0.4142 -0.4142 1
0.4142 0.4142 1
-0.4142 0.4142 1
-0.4142 -0.4142 1
-0.4142 -0.4142 -1
-0.4142 0.4142 -1
0.4142 0.4142 -1
0.4142 -0.4142 -1
0.4142 0.4142 0.4142
0.4142 0.4142 -0.4142
-0.4142 0.4142 0.4142
-0.4142 0.4142 -0.4142
0.4142 -0.4142 0.4142
0.4142 -0.4142 -0.4142
-0.4142 -0.4142 0.4142
-0.4142 -0.4142 -0.4142
Faces
0 1 2 3 0
4 5 6 7 1
8 9 10 11 2
12 13 14 15 3
16 17 18 19 4
20 21 22 23 5
2 7 17 8
6 11 18 9
10 15 19 0
3 16 14 1
4 1 22 2
5 21 8 3
20 12 9 4
0 13 23 5
1 25 24 2 6
25 4 7 24 7
1 4 25 8
2 24 7 9
26 6 5 27 0
11 26 27 8 1
8 27 5 2
6 26 11 3
17 24 26 18 4
24 7 6 26 5
26 6 18 6
24 17 7 7
21 27 25 22 8
25 27 5 4 9
21 5 27 0
22 25 4 1
11 10 30 26 2
26 30 19 18 3
11 26 18 4
30 10 19 5
16 28 24 17 6
28 3 2 24 7
28 16 3 8
24 2 17 9
0 29 25 1 0
25 29 23 22 1
0 23 29 2
1 25 22 3
27 21 20 31 4
8 27 31 9 5
21 27 8 6
31 20 9 7
28 30 15 14 8
28 16 19 30 9
28 14 16 0
30 19 15 1
14 13 29 28 2
29 0 3 28 3
3 14 28 4
0 29 13 5
13 12 31 29 4
29 31 20 23 5
29 23 13 6
31 12 20 7
30 10 9 31 8
30 31 12 15 9
12 31 9 0
10 30 15 1
