Snub Cube
1 #Type of Polyhedron
24 #Number of Vertices
38 #Number of Faces
Vertices
0.204 -0.691 -0.376
0.691 -0.204 0.376
0.691 -0.376 -0.204
0.204 -0.376 0.691
0.376 0.204 0.691
0.376 -0.691 0.204
0.204 0.691 0.376
-0.204 0.691 -0.376
-0.691 0.376 -0.204
-0.691 -0.204 -0.376
-0.376 0.204 -0.691
-0.376 -0.691 -0.204
-0.204 -0.376 -0.691
0.376 -0.204 -0.691
-0.204 -0.691 0.376
0.691 0.376 0.204
-0.376 -0.204 0.691
-0.691 -0.376 0.204
-0.691 0.204 0.376
-0.376 0.691 0.204
-0.204 0.376 0.691
0.204 0.376 -0.691
0.376 0.691 -0.204
0.691 0.204 -0.376
Faces
4 20 16 3 0
5 14 11 0 1
15 1 2 23 2
14 3 16 3
14 5 3 4
3 5 1 5
3 1 4 6
4 1 15 7
5 2 1 8
5 0 2 9
10 21 13 12 0
19 6 22 7 1
17 18 8 9 2
7 22 21 3
7 21 10 4
8 7 10 5
8 10 9 6
9 10 12 7
13 0 12 8
12 0 11 9
23 2 13 0
21 23 13 1
13 2 0 2
11 14 17 3
20 6 19 4
6 20 4 5
22 15 23 6
6 15 22 7
6 4 15 8
14 16 17 9
18 17 16 0
18 16 20 1
12 11 9 2
8 19 7 3
18 19 8 4
20 19 18 5
11 17 9 6
21 22 23 7
