Snub Dodecahedron
1 #Type of Polyhedron
60 #Number of Vertices
92 #Number of Faces
Vertices
0.408 -0.371 0.597
-0.146 -0.733 0.321
-0.227 -0.503 0.597
0.630 -0.051 0.512
-0.652 -0.450 0.183
-0.081 -0.806 -0.065
-0.313 -0.678 -0.321
0.652 0.365 -0.321
0.227 0.759 -0.183
0.243 -0.583 -0.512
-0.243 0.197 0.750
0.479 0.274 0.597
-0.540 -0.329 0.512
0.313 -0.016 0.750
0.146 -0.615 0.512
0.081 -0.302 0.750
-0.262 -0.171 0.750
0.262 -0.747 -0.183
-0.408 -0.700 0.065
-0.652 0.450 -0.183
0.112 -0.292 -0.750
0.479 -0.274 -0.597
0.408 0.371 -0.597
-0.227 0.503 -0.597
0.630 0.051 -0.512
0.146 0.615 -0.512
0.081 0.302 -0.750
-0.540 0.329 -0.512
-0.112 -0.540 -0.597
0.313 0.016 -0.750
-0.630 -0.479 -0.183
-0.742 0.088 -0.321
-0.792 0.172 0.065
-0.408 0.700 -0.065
-0.630 0.479 0.183
-0.112 0.540 0.597
0.112 0.292 0.750
-0.479 0.412 0.512
-0.549 0.060 0.597
0.549 0.507 0.321
-0.081 0.806 0.065
0.540 0.605 -0.065
0.742 -0.326 -0.065
-0.742 -0.088 0.321
-0.792 -0.171 -0.065
0.742 0.326 0.065
0.792 -0.019 0.183
0.540 -0.605 0.065
0.243 0.583 0.512
0.652 -0.365 0.321
0.227 -0.759 0.183
-0.313 0.678 0.321
-0.262 0.172 -0.750
-0.243 -0.197 -0.750
-0.549 -0.060 -0.597
-0.479 -0.412 -0.512
-0.146 0.733 -0.321
0.549 -0.507 -0.321
0.262 0.747 0.183
0.792 0.019 -0.183
Faces
16 15 13 36 10 1
18 1 2 12 4 1
51 35 48 58 40 1
39 11 3 46 45 1
47 49 0 14 50 1
43 38 37 34 32 1
26 29 20 53 52 1
33 56 23 27 19 1
9 17 5 6 28 1
59 42 57 21 24 1
22 25 8 41 7 1
31 54 55 30 44 1
10 35 37 2
36 11 48 3
13 0 3 4
15 2 14 5
16 38 12 6
51 33 34 7
39 41 58 8
49 42 46 9
1 5 50 0
43 44 4 7
40 8 56 2
45 59 7 3
47 17 57 4
18 30 6 5
32 19 31 6
53 28 55 7
20 21 9 8
29 22 24 9
26 23 25 0
52 54 27 9
10 36 35 2
36 13 11 3
13 15 0 4
15 16 2 5
16 10 38 6
48 35 36 7
3 11 13 8
14 0 15 9
12 2 16 0
37 38 10 3
35 51 37 2
11 39 48 3
0 49 3 4
2 1 14 5
38 43 12 6
51 40 33 7
39 45 41 8
49 47 42 9
1 18 5 0
43 32 44 8
40 58 8 2
45 46 59 3
47 50 17 4
18 4 30 5
32 34 19 6
58 48 39 7
46 3 49 8
50 14 1 9
4 12 43 0
34 37 51 4
53 20 28 2
20 29 21 3
29 26 22 4
26 52 23 5
52 53 54 6
9 28 20 7
24 21 29 8
25 22 26 9
27 23 52 0
55 54 53 2
28 6 55 3
21 57 9 4
22 7 24 5
23 56 25 6
54 31 27 7
6 5 18 8
57 42 47 9
7 41 45 0
56 33 40 2
31 44 32 3
5 17 50 4
42 59 46 5
41 8 58 6
33 19 34 7
44 30 4 8
17 9 57 9
59 24 7 0
8 25 56 2
19 27 31 3
30 55 6 4
