Stella Octangula
1 #Type of Polyhedron
14 #Number of Vertices
24 #Number of Faces
Vertices
0.0 1.0 0.0
1.0 0.0 0.0
0.0 0.0 1.0
0.0 -1.0 0.0
-1.0 0.0 0.0
0.0 0.0 -1.0
1.0 1.0 1.0
1.0 1.0 -1.0
-1.0 1.0 -1.0
-1.0 1.0 1.0
1.0 -1.0 1.0
-1.0 -1.0 1.0
-1.0 -1.0 -1.0
1.0 -1.0 -1.0
Faces
0 2 6 0
2 1 6 1
1 0 6 2
0 1 7 3
1 5 7 4
5 0 7 5
0 5 8 6
5 4 8 7
4 0 8 8
0 4 9 9
4 2 9 0
2 0 9 1
3 1 10 2
1 2 10 3
2 3 10 4
3 2 11 5
2 4 11 6
4 3 11 7
3 4 12 8
4 5 12 9
5 3 12 0
3 5 13 1
5 1 13 2
1 3 13 3
