Truncated Tetrahedron
1 #Type of Polyhedron
12 #Number of Vertices
8 #Number of Faces
Vertices
0.500005 0.28866378000000004 -0.340066599
0.66667 0.0 0.13132868700000003
0.500005 -0.28866378000000004 -0.340066599
-0.5 0.2886724399999999 -0.3536
-0.333335 0.57733622 0.117795286
-4.999999999977245E-6 0.57733622 -0.34683340100000004
-0.5 -0.2886724399999999 -0.3536
-4.999999999977245E-6 -0.57733622 -0.34683340100000004
-0.333335 -0.57733622 0.117795286
-0.166665 -0.28866378000000004 0.5892047139999999
0.33333 0.0 0.595971313
-0.166665 0.28866378000000004 0.5892047139999999
Faces
0 2 7 6 3 5 0
2 1 10 9 8 7 1
1 0 5 4 11 10 2
4 3 6 8 9 11 3
0 1 2 4
3 4 5 5
6 7 8 6
9 10 11 7
