Truncated Octahedron
1 #Type of Polyhedron
24 #Number of Vertices
14 #Number of Faces
Vertices
0.0 0.6667000000000001 0.3333
0.3333 0.6667000000000001 0.0
0.0 0.6667000000000001 -0.3333
-0.3333 0.6667000000000001 0.0
0.6667000000000001 0.0 0.3333
0.6667000000000001 -0.3333 0.0
0.6667000000000001 0.0 -0.3333
0.6667000000000001 0.3333 0.0
0.3333 0.0 0.6667000000000001
0.0 0.3333 0.6667000000000001
-0.3333 0.0 0.6667000000000001
0.0 -0.3333 0.6667000000000001
0.3333 -0.6667000000000001 0.0
0.0 -0.6667000000000001 0.3333
-0.3333 -0.6667000000000001 0.0
0.0 -0.6667000000000001 -0.3333
-0.6667000000000001 0.0 -0.3333
-0.6667000000000001 -0.3333 0.0
-0.6667000000000001 0.0 0.3333
-0.6667000000000001 0.3333 0.0
0.3333 0.0 -0.6667000000000001
0.0 -0.3333 -0.6667000000000001
-0.3333 0.0 -0.6667000000000001
0.0 0.3333 -0.6667000000000001
Faces
1 0 9 8 4 7 0
2 1 7 6 20 23 1
3 2 23 22 16 19 2
0 3 19 18 10 9 3
13 12 5 4 8 11 4
14 13 11 10 18 17 5
15 14 17 16 22 21 6
12 15 21 20 6 5 7
0 1 2 3 8
4 5 6 7 9
8 9 10 11 0
12 13 14 15 1
16 17 18 19 2
20 21 22 23 3
