Truncated Dodecahedron
1 #Type of Polyhedron
60 #Number of Vertices
32 #Number of Faces
Vertices
0.4911206217394742 0.15957961440401253 -0.7946544722917661
0.7107631178809184 0.0 -0.626862535987438
0.4911206217394742 -0.15957961440401253 -0.7946544722917661
-4.61374131627279E-6 0.5163962803988953 -0.7946544722917661
0.21963788240012785 0.6759758948029078 -0.626862535987438
0.3035338505522919 0.4177706547856132 -0.7946544722917661
-0.4911234731884229 0.15957083854652587 -0.7946544722917661
-0.5750194413405869 0.4177760785638205 -0.626862535987438
-0.30352638536202675 0.41777607856382043 -0.7946544722917661
-0.30352638536202686 -0.4177760785638204 -0.7946544722917661
-0.5750194413405871 -0.4177760785638204 -0.626862535987438
-0.491123473188423 -0.15957083854652576 -0.7946544722917661
-4.6137413163838126E-6 -0.5163962803988953 -0.7946544722917661
0.30353385055229176 -0.4177706547856132 -0.7946544722917661
0.21963788240012772 -0.6759758948029078 -0.626862535987438
0.93039638653973 -0.15957961440401258 -0.08389135441084772
0.8785458267026138 0.0 -0.35538441038940793
0.93039638653973 0.15957961440401253 -0.08389135441084772
0.4392775270926233 0.8355467333494335 -0.08389135441084772
0.2714855907882952 0.8355467333494335 -0.35538441038940793
0.13573906279901515 0.9341723589627157 -0.08389135441084772
-0.6589079443024859 0.6759758948029079 -0.08389135441084772
-0.710758504139602 0.5163962803988953 -0.35538441038940793
-0.8465050321288821 0.41777065478561326 -0.08389135441084772
-0.8465050321288823 -0.4177706547856132 -0.08389135441084775
-0.7107585041396022 -0.5163962803988953 -0.35538441038940793
-0.6589079443024861 -0.6759758948029078 -0.08389135441084775
0.4392775270926231 -0.8355467333494337 -0.08389135441084775
0.13573906279901493 -0.9341723589627158 -0.08389135441084775
0.27148559078829504 -0.8355467333494337 -0.35538441038940793
-0.93039638653973 -0.15957961440401253 0.08389135441084772
-0.8785458267026138 -0.0 0.35538441038940793
-0.93039638653973 0.15957961440401258 0.08389135441084772
-0.13573906279901515 -0.9341723589627157 0.08389135441084772
-0.2714855907882952 -0.8355467333494335 0.35538441038940793
-0.4392775270926233 -0.8355467333494335 0.08389135441084772
0.6589079443024859 -0.6759758948029079 0.08389135441084772
0.8465050321288821 -0.41777065478561326 0.08389135441084772
0.710758504139602 -0.5163962803988953 0.35538441038940793
0.6589079443024861 0.6759758948029078 0.08389135441084775
0.7107585041396022 0.5163962803988953 0.35538441038940793
0.8465050321288823 0.4177706547856132 0.08389135441084775
-0.4392775270926231 0.8355467333494337 0.08389135441084775
-0.27148559078829504 0.8355467333494337 0.35538441038940793
-0.13573906279901493 0.9341723589627158 0.08389135441084775
-0.4911206217394742 0.15957961440401253 0.7946544722917661
-0.7107631178809184 -0.0 0.626862535987438
-0.4911206217394742 -0.15957961440401253 0.7946544722917661
-0.3035338505522919 -0.4177706547856132 0.7946544722917661
-0.21963788240012785 -0.6759758948029078 0.626862535987438
4.61374131627279E-6 -0.5163962803988953 0.7946544722917661
0.4911234731884229 -0.15957083854652587 0.7946544722917661
0.30352638536202675 -0.41777607856382043 0.7946544722917661
0.5750194413405869 -0.4177760785638205 0.626862535987438
0.491123473188423 0.15957083854652576 0.7946544722917661
0.5750194413405871 0.4177760785638204 0.626862535987438
0.30352638536202686 0.4177760785638204 0.7946544722917661
4.6137413163838126E-6 0.5163962803988953 0.7946544722917661
-0.21963788240012772 0.6759758948029078 0.626862535987438
-0.30353385055229176 0.4177706547856132 0.7946544722917661
Faces
0 2 13 12 9 11 6 8 3 5 0
2 1 16 15 37 36 27 29 14 13 1
5 4 19 18 39 41 17 16 1 0 2
8 7 22 21 42 44 20 19 4 3 3
11 10 25 24 30 32 23 22 7 6 4
12 14 29 28 33 35 26 25 10 9 5
15 17 41 40 55 54 51 53 38 37 6
18 20 44 43 58 57 56 55 40 39 7
21 23 32 31 46 45 59 58 43 42 8
24 26 35 34 49 48 47 46 31 30 9
28 27 36 38 53 52 50 49 34 33 0
45 47 48 50 52 51 54 56 57 59 1
0 1 2 2
3 4 5 3
6 7 8 4
9 10 11 5
12 13 14 6
15 16 17 7
18 19 20 8
21 22 23 9
24 25 26 0
27 28 29 1
30 31 32 2
33 34 35 3
36 37 38 4
39 40 41 5
42 43 44 6
45 46 47 7
48 49 50 8
51 52 53 9
54 55 56 0
57 58 59 1
