Truncated Cube
1 #Type of Polyhedron
24 #Number of Vertices
14 #Number of Faces
Vertices
1.0 0.41420000000000007 1.0
1.0 1.0 0.41420000000000007
0.41420000000000007 1.0 1.0
1.0 0.41420000000000007 -1.0
0.41420000000000007 1.0 -1.0
1.0 1.0 -0.41420000000000007
1.0 -0.41420000000000007 -1.0
1.0 -1.0 -0.41420000000000007
0.41420000000000007 -1.0 -1.0
1.0 -0.41420000000000007 1.0
0.41420000000000007 -1.0 1.0
1.0 -1.0 0.41420000000000007
-1.0 0.41420000000000007 1.0
-0.41420000000000007 1.0 1.0
-1.0 1.0 0.41420000000000007
-1.0 0.41420000000000007 -1.0
-1.0 1.0 -0.41420000000000007
-0.41420000000000007 1.0 -1.0
-1.0 -0.41420000000000007 -1.0
-0.41420000000000007 -1.0 -1.0
-1.0 -1.0 -0.41420000000000007
-1.0 -0.41420000000000007 1.0
-1.0 -1.0 0.41420000000000007
-0.41420000000000007 -1.0 1.0
Faces
1 0 9 11 7 6 3 5 0
12 14 16 15 18 20 22 21 1
0 2 13 12 21 23 10 9 2
4 3 6 8 19 18 15 17 3
2 1 5 4 17 16 14 13 4
11 10 23 22 20 19 8 7 5
0 1 2 6
3 4 5 7
6 7 8 8
9 10 11 9
12 13 14 0
15 16 17 1
18 19 20 2
21 22 23 3
