Truncated Icosahedron
1 #Type of Polyhedron
60 #Number of Vertices
32 #Number of Faces
Vertices
0.24117814569006799 -0.17522617966930723 -0.8157562913801361
-0.09212185430993208 -0.28352191442373487 -0.8157562913801361
-0.29811258276027197 6.054114839036363E-17 -0.8157562913801361
-0.09212185430993203 0.28352191442373503 -0.8157562913801361
0.24117814569006793 0.17522617966930726 -0.8157562913801361
0.723606797749979 -0.17527875278051927 -0.447213595499958
0.780541234820183 -0.35050493244982656 -0.1491010127396861
0.5745505063698431 -0.6340268468735615 -0.14910101273968604
0.390306797749979 -0.6340268468735615 -0.447213595499958
0.4824286520599111 -0.3505049324498265 -0.631457304119822
0.723606797749979 0.17527875278051913 -0.447213595499958
0.48242865205991103 0.3505049324498264 -0.6314573041198219
0.390306797749979 0.6340268468735614 -0.447213595499958
0.5745505063698431 0.6340268468735613 -0.14910101273968598
0.780541234820183 0.35050493244982633 -0.14910101273968598
0.05690679774997892 0.7423550735976124 -0.447213595499958
-0.18427134794008906 0.5671288939283052 -0.631457304119822
-0.48238393070036095 0.5671288939283052 -0.447213595499958
-0.42544949363015705 0.7423550735976125 -0.14910101273968604
-0.092149493630157 0.8506508083520401 -0.1491010127396861
-0.688436462549576 0.28352191442373503 -0.447213595499958
-0.596314608239644 6.51991270378949E-17 -0.6314573041198219
-0.688436462549576 -0.28352191442373487 -0.447213595499958
-0.8374927539297119 -0.17522617966930717 -0.14910101273968604
-0.837492753929712 0.1752261796693073 -0.14910101273968598
-0.48238393070036106 -0.5671288939283051 -0.447213595499958
-0.18427134794008918 -0.5671288939283051 -0.6314573041198219
0.056906797749978866 -0.7423550735976123 -0.447213595499958
-0.09214949363015719 -0.8506508083520401 -0.14910101273968598
-0.4254494936301571 -0.7423550735976123 -0.14910101273968604
0.8374927539297119 0.17522617966930717 0.14910101273968604
0.688436462549576 0.28352191442373487 0.447213595499958
0.596314608239644 -7.4513687218786E-17 0.6314573041198219
0.6884364625495759 -0.28352191442373503 0.447213595499958
0.837492753929712 -0.1752261796693073 0.14910101273968598
0.09214949363015709 0.8506508083520401 0.14910101273968598
-0.05690679774997892 0.7423550735976123 0.447213595499958
0.1842713479400891 0.5671288939283051 0.6314573041198219
0.482383930700361 0.5671288939283051 0.447213595499958
0.42544949363015705 0.7423550735976123 0.14910101273968604
-0.5745505063698431 0.6340268468735615 0.14910101273968604
-0.780541234820183 0.3505049324498265 0.1491010127396861
-0.723606797749979 0.17527875278051927 0.447213595499958
-0.4824286520599111 0.3505049324498265 0.631457304119822
-0.39030679774997906 0.6340268468735615 0.447213595499958
-0.5745505063698431 -0.6340268468735613 0.14910101273968598
-0.39030679774997906 -0.6340268468735614 0.447213595499958
-0.48242865205991103 -0.3505049324498264 0.6314573041198219
-0.723606797749979 -0.17527875278051913 0.447213595499958
-0.780541234820183 -0.3505049324498264 0.14910101273968598
0.42544949363015694 -0.7423550735976125 0.14910101273968604
0.4823839307003609 -0.5671288939283052 0.447213595499958
0.18427134794008895 -0.5671288939283052 0.631457304119822
-0.056906797749979005 -0.7423550735976124 0.447213595499958
0.0921494936301569 -0.8506508083520401 0.1491010127396861
-0.241178145690068 0.17522617966930723 0.8157562913801361
-0.24117814569006796 -0.17522617966930726 0.8157562913801361
0.09212185430993197 -0.28352191442373503 0.8157562913801361
0.2981125827602719 -6.519772992372348E-17 0.8157562913801361
0.09212185430993206 0.28352191442373487 0.8157562913801361
Faces
11 10 5 9 0 4 4
16 15 12 11 4 3 4
21 20 17 16 3 2 4
26 25 22 21 2 1 4
1 0 9 8 27 26 4
6 5 10 14 30 34 4
13 12 15 19 35 39 4
18 17 20 24 41 40 4
23 22 25 29 45 49 4
50 54 28 27 8 7 4
49 48 42 41 24 23 4
54 53 46 45 29 28 4
7 6 34 33 51 50 4
39 38 31 30 14 13 4
40 44 36 35 19 18 4
43 42 48 47 56 55 4
47 46 53 52 57 56 4
58 57 52 51 33 32 4
32 31 38 37 59 58 4
37 36 44 43 55 59 4
0 1 2 3 4 7
5 6 7 8 9 7
10 11 12 13 14 7
15 16 17 18 19 7
20 21 22 23 24 7
25 26 27 28 29 7
30 31 32 33 34 7
35 36 37 38 39 7
40 41 42 43 44 7
45 46 47 48 49 7
50 51 52 53 54 7
55 56 57 58 59 7
